-315—3-

00111 110100 (124, 1111, 1121, 1115, 2112121, 21118010. 15 011, 211110, 3123,
1111, 11111111111111,111, 5111111111, 111010, 011, 0111, 1111,
1219, 12122 01111, 1218, 151110111, 1111113, 1111, 1815, 19119.
21, 201, 18, 2015, 2212, 100110 apud 2113, 21115, 01101 per compendium
1011011101. “

Apuleia 0000010111 (100, 12. 11-18, 1121. 22).

arra 001. 0010100101 (1011111).

at (coniunctio) 00100, 0001100001001112, 2122, 3111, 511, 111, 1112, 810,
910, 12118, 12111, 15113, 20110, 2018, 21119, 215, 2.

,1101010 ,11111 11, 111, 111, 111, 1111, 1111, 11111, 11111, 1111,
11111, 1111111111, 11111, 11111, 11111, 11111, 11111, 111111 111,
12, 21115, 21124, conf. 0001011011 1112 01 atquae 2319), 000110 adque 28,
111111,111,111,11.

· · 0111000. 10110).

auctorem. oum 1101100111 1001100111, ubi perscribitur, 010 quod 1111511 010 auctoritatem,
101 5120 010 auctorem sulm 10001001 eet (omns. 011010 11111 01 90, 2, 01 tutoribus
(010 auctoribus) 29, 22-23), alibi 001 0001001100 10001101.

b 010 u (ι’. e. v) 10000 salso sm'pmm ml: 0001111 91, 24, 001110111ᾱί 2318, 2315, 011111-
batur 2311, 1011100101· 2318, 0111101οηί010 2511, 01001111 141, 23, 0110111101 111,
10, berbi 11123, bero 11120, 14180), 0111101111 11110, 01011111 108, 22, 0100111101
1418, 0101010101188,19, 010110110121, bis 2419, 24131, 01110 2314, 0111011111
23114, biui 1410, 011110 1115, brebiter 1910, bulgo 2123, 0000001111 10115,
01101111 13110, 1111101111 9118, 110οἱ11οε1001 514, 0111110001τὶ1 111, 110011 (010
fauore) 10121, 111100011111, 0001000110 1112, nobi 1311, 0011 1813, 00101·-
banda 1611, 0110010111 11115, 0110110 110, 1110, 0100101111 24112, 001001110111,
12, 0110112111, salbam 4118, sorbetur 1113, uerbum 112, 21115, 1010110111,
915, 1518, 1511-8, 21121, 2111118-1122, 11000120, 15111, 10101111,
summobeantur 11110, summobeat 11122, 0001101000 (010 superuacuum) 8112,

ι ubis 1112, 110011 (010 boues) 1811, cons. etiam 1111110000 pro furtiua 1118 et: u
010 b.

1111011110 121 (1000 00100).

1 010 0111 cartulis ⁷1,18.20; 100101 5123, 512, 10122, 15119, 15111, 10121,
11110, 10011 0111, (soles 010 scholae 1118), contra 1000111 recte 10119,
1019, 1111120, 211114, (01011011 111, 1), 8110110110. 10118, 10123 (10110001),
10121, eontra 81100110 110. 10010 1011, 1011112 (1011011010), 10111, 11110,
12110, 2014. 1324, 208, 2121.

capio ( ,1110ίο10100) 0) usucapio 011. 0001100111(0112-13.18, 018, 0110, 01111122,
11,1.1-1.11, 0110, 1111, 1111111, 11110) ,1) pignoris capio eto. 11111.
20, 000110 pignoris 010110 111. 1912-3, 10110.

caum 110. 0001100101 passim.- alibt' 001 compendium 10001101. ’

01 sulm pro c: nunccupationibun 8118, 000000010011111 8110-11.

cendam 010 cenam 01010 mmmmm 11110-11 (1000100100).

centesimum constanter (11010-20).

ceteri etc. 0001100111 0001101.

clodum (010 claudum) 18122 ((000 00100).

coartat 01, 14.

coercere 111. eum 00101010 constanter.

cum (1011·) in 0010000100 aequente 0001000010,

 

