“ - xxrrr -

Littera paginae ultima propter spatii angustias supra paenultimam eollo-
eata est 26, 24, similiter 156, 2411204, 24 binae ultimae, et 125, 24 tres
ultimae snb initio uocabuli extremi. ’

In syllabarum diuisione in uniuersum posteriorem et graecanicam

rationem secuntur librarii; cont: ,
111 niblatam 176, 10, 1161191111232, 17, 9111011111 56, 12.

611 sa 1 0111111111 72, 16.

111 91111111111111 191, 8.

er.- 1111111111 68, 16, 11111155, 21.

111 1111111208, 8, 1111111175, 11; 225, 7, 1111111111 172, 8,
111111111122, 10, 1111 111111103, 22, 150, 19, aar 1 11111611172, 20,
11111111111184, 1, 111111111111111 187, 4, 1111111111 193, 10,
1111111111111. 166, 20, 167, 8, 1111111111218, 18: 1111111111
3, 11, 1111111111 90, 16, 1111111 19, 14, 1911111111 146, 15,
fa 1 ationem 147, 6, sa 1 111 128, 20-21, 134, 12, 139, 17, sa 1 ctum
25, 2, 201, 20, 224, 24, 1111111137, 2-3, 1111111111 186, 15,
9111111111 56, 22, 245,1,6.14,1’111111111111246, 3,1111111132,14,
1119211111 (pronesaatoi 198, 9, 1111117122, 228,12, 9111111111
11, 11; 1111111, ra, 117, 1; rra, 133 111, a} 173, 83 1111111
104,17, 123, 9, 1111111111111152, 21, 191111111190,11, 1111911111
224, 4, 11191111111224, 8, 1111111114, 8, 1011112101ἶὶ. e.
111111 177, 15.

9111 11 9111111111 130, 12, 11911111111165, 8, 11 9111111128, 15, 1119111-
1111111223, 10, 111 9111111111 220, 17, 91111 91111111 25, 10, 1119111-
]1111111238, 5.

911 9111911111 20, 10. ,

111111111111 249, 12, condemnatione 205, 18, 1111111111 226, 21,
da 1111111111 111. 119, 22, 167, 20, 1111111111 67, 9.

pl.- 1111111111 pla· 182, 20.

pt: 11119111127,11,11111111116,4,11119111111188,17,11111911111
149, 6, 111 1111111111 191, 2, 1111119111203, 16, 1111111 91117, 15,
1111119111 208, 15, 11111911 197, 1, 111 1111111115, 23, 87, 12-13,
1111911194, 23, 91119111 178, 17, 186, 14, 1111111111 217, 10,
11111 91168919, 11111 9111111111 173, 11, 11 1 91111190,19; 1111 1 prtia
aa, 11; 11111111 177, 1; contra 11191 aaran aa, 17-18.

ap: 1111911111175, 4, eontra RiPONSiS i. e. 1111 11111111 1, 15.

111 111111“111111111’125,6, 1119111111 42, 7, 11111111111218, 6, 1111111111 ·
163, 3, 1111111 11111 56, 20, 1111111111111111133,14-15; 9111111111

 

