- xxiv *-

200, 11, inte Ι 31010390, 18, monife 1 stam 61, 13, 233, 16; po 1310-
* aiore 91, 22, 0010131010 217, 23, poteletatem 13, 22, 35, 8,

· 00001310νο32, 15, 0013110010110013 241, 21, 10101000οη10 79, 4,
101 3100000113 80, 12, 1013100001οω 81, 233 83, 7, 87, 18, 135, 15,
101310010080,17, 10131010138, 4, 10131010000079,16, 93, 14,
1010101003 79, 13, 122,16, 101311000100079,19, eontra 03110
41, 23, ΡἸῘιΙωΟδ ἰ, e. 0031100003 41, 17, ΡἸῘΘλ 148, 3,
ᾓΙῘΙῘυΘΝὒλέ pro 0031 tituendae 182, 7, 0031100110 157, 15,
eo 1 timendam uel 001 timendam pro aestimandam 52, 23.

tr: 0011008310, 1001101315, 9, ,0011000001οω 55, 3.
Contra:

, be: scriblitae 98, 15. ,

pe.- 010130 42, 2, 00130 80, 4, 10130318123, 0013001412,
scrop 1 norit 79, 10.

eo: 0000031 0000107,6,00’01000069,22,01000“010010001,17,1ὶ10111881ῑ

Ι i. 0. ree 1 0011311 20, 6, eontra 3010000113 3, 17 prima manue,
1303000110 corrector.

0001.- eoem! petonem 32, 20, 52, 6, 001011016010, emi-pto 212, 3.

001000010010103107, 14, 0000101000140, 21, 0113100101ίο 105, 7,
1010101101 109, 5, 0001010 238, 9.

etr.- 0013100 70, 3. 11, 00131000 189, 8, 0013101105, 15, 110, 13,
no 1 31000000 111, 21, eontra 01131 0110100001 197, 13.

0.· 01110011 167, 19, 0111000038, 5, 50, 16, 235, 4, 0101300001

’ 165, 9, 00100113 010. 40, 4, 217, 31620, 0001οἰ000 44, 23,
similiter 0100010500 pro 00 00011000 194, 23, 0100000110οε = 00 emp-

tione 147, 15, 01 0000110013 = 00 montionis 162, 21, conf. 0 101003
= ad 000 51, 16.
Valde memorabile est quod j 01 0 consonantes nee non 0 post q ple-
rumque non senus atquei 010 uocales in dirimendis syllabis adhibentur, noni:
(01110010111, 10, 0110001103 154, 21, 001100 37, 20, 134, 4,
aetiten 000, 0; 0100000 001003, 0, anatomiam
190‚3; 1100103416, 1100138, 9, 3061100100 218, 21, 30011000
33, 8111, 300110010376,17, [000101110100101030100000209,151,
0000010177, 9, 0000000101008, 20, 1100010 41, 6, 186, 1,
0010027,19, 29,16; 79, 9, 165, 12, 179, 6, qulam 120, 8,
217,12, φα100100011177,23, 0010011171,1, 00100148, 8,
90100140,1,001026,11,106,1-2,0011014022,001101
78,4, 0010100047,11, 90101110,15;136,7, 001000023023,

 

